 ***** MODELLING PARAMS	T= 600  MODELLING TIMES_N= 100  NUMBER OF SERVERS= 12  *****
MODEL_SERVE_PROBABILITY: 0.713366427652142
MODEL_SERVE_MEAN_TIME: 61.02325581395349
SYSTEM_BANDWITH: 1.2716463414634145
First Server busy time: 0.8058166666666666
Seccond Server IDLE time: 0.20450000000000002
MODEL_SERVE_MEAN_TIME: 61.02325581395349
Queue_Wait_Time_MEAN: 35.77086092715232
