 ***** MODELLING PARAMS	T= 600  MODELLING TIMES_N= 100  NUMBER OF SERVERS= 8  *****
MODEL_SERVE_PROBABILITY: 0.48088586656864546
MODEL_SERVE_MEAN_TIME: 53.714285714285715
SYSTEM_BANDWITH: 0.9742287234042553
First Server busy time: 0.7567333333333334
Seccond Server IDLE time: 0.29036666666666666
MODEL_SERVE_MEAN_TIME: 53.714285714285715
Queue_Wait_Time_MEAN: 50.22171945701358
